13
100 80 40 13 3 88 98 40 81 89 49 38 61 
7 100 90 41 25 31 19 25 89 97 24 5 73 
78 8 100 17 91 66 43 25 46 82 37 47 70 
36 86 49 100 23 36 86 81 40 77 22 65 6 
40 87 94 36 100 11 98 9 89 5 23 80 70 
65 5 16 47 39 100 62 17 74 47 66 94 80 
50 75 20 27 95 82 100 32 33 70 25 66 80 
23 73 67 25 95 47 94 100 61 49 9 8 88 
68 23 60 15 86 53 92 36 100 28 13 61 21 
92 90 52 62 15 18 41 36 90 100 8 60 86 
53 55 45 2 61 52 89 29 72 48 100 42 58 
1 34 94 26 44 55 47 37 45 96 96 100 58 
14 35 93 3 43 51 86 93 6 31 94 66 100 
