14
100 80 40 13 3 88 98 40 81 89 49 38 61 7 
90 100 41 25 31 19 25 89 97 24 5 73 78 8 
17 91 100 66 43 25 46 82 37 47 70 36 86 49 
23 36 86 100 81 40 77 22 65 6 40 87 94 36 
11 98 9 89 100 5 23 80 70 65 5 16 47 39 
62 17 74 47 66 100 94 80 50 75 20 27 95 82 
32 33 70 25 66 80 100 23 73 67 25 95 47 94 
61 49 9 8 88 68 23 100 60 15 86 53 92 36 
28 13 61 21 92 90 52 62 100 15 18 41 36 90 
8 60 86 53 55 45 2 61 52 100 89 29 72 48 
42 58 1 34 94 26 44 55 47 37 100 45 96 96 
58 14 35 93 3 43 51 86 93 6 31 100 94 66 
80 82 93 53 28 35 11 28 68 3 53 13 100 57 
97 49 1 93 43 56 8 78 49 8 19 99 93 100 
