15
100 80 40 13 3 88 98 40 81 89 49 38 61 7 90 
41 100 25 31 19 25 89 97 24 5 73 78 8 17 91 
66 43 100 25 46 82 37 47 70 36 86 49 23 36 86 
81 40 77 100 22 65 6 40 87 94 36 11 98 9 89 
5 23 80 70 100 65 5 16 47 39 62 17 74 47 66 
94 80 50 75 20 100 27 95 82 32 33 70 25 66 80 
23 73 67 25 95 47 100 94 61 49 9 8 88 68 23 
60 15 86 53 92 36 28 100 13 61 21 92 90 52 62 
15 18 41 36 90 8 60 86 100 53 55 45 2 61 52 
89 29 72 48 42 58 1 34 94 100 26 44 55 47 37 
45 96 96 58 14 35 93 3 43 51 100 86 93 6 31 
94 66 80 82 93 53 28 35 11 28 68 100 3 53 13 
57 97 49 1 93 43 56 8 78 49 8 19 100 99 93 
12 4 24 4 67 2 83 60 54 11 94 63 38 100 61 
65 89 73 21 86 20 19 78 62 74 83 38 21 90 100 
